image-id,skeleton-id,# of branches,tot. branch length,avg. branch length
Slide1_section3_60x_zstack5,1,34,356.26335689469016,10.478334026314416
Slide1_section3_60x_zstack5,2,34,389.6240899715741,11.459532057987474
Slide1_section3_60x_zstack5,3,7,70.01945074771797,10.002778678245424
Slide1_section3_60x_zstack5,4,38,510.2716965192839,13.428202539981156
Slide1_section3_60x_zstack5,5,28,311.4152035352034,11.121971554828692
Slide1_section3_60x_zstack5,6,9,129.59651267278815,14.399612519198683
Slide1_section3_60x_zstack5,7,38,525.4891492295628,13.8286618218306
Slide1_section3_60x_zstack5,8,13,190.4459568425371,14.649688987887469
Slide1_section3_60x_zstack5,9,27,296.41434740474455,10.978309163138688
Slide1_section3_60x_zstack5,10,19,154.92397210899864,8.153893268894665
Slide1_section3_60x_zstack6,1,12,106.40291718370545,8.866909765308788
Slide1_section3_60x_zstack6,2,11,73.76148392147212,6.705589447406556
Slide1_section3_60x_zstack6,3,11,186.8948756782657,16.990443243478698
Slide1_section3_60x_zstack6,4,29,290.5779532998533,10.019929424132872
Slide1_section3_60x_zstack6,5,11,80.09273939273042,7.281158126611857
Slide1_section3_60x_zstack6,6,3,41.1044423110229,13.701480770340966
